seeds [22, 54, 71], 1000 bootstrap resamples, 2203 test records
cells: mean paired difference [95% hierarchical CI]; * = Holm-corrected p < 0.05 within the metric

macro AUROC, SSL minus scratch
                                          1%                        5%                       10%                       25%                      100%
Masking Frozen       +0.070 [+0.030,+0.106]*   +0.023 [+0.005,+0.039]    -0.006 [-0.022,+0.009]    -0.003 [-0.024,+0.016]    -0.050 [-0.062,-0.039]*
Masking Partial      +0.061 [+0.013,+0.112]    +0.021 [+0.002,+0.038]    -0.000 [-0.014,+0.013]    -0.004 [-0.023,+0.016]    -0.042 [-0.053,-0.031]*
Masking Full         +0.068 [+0.021,+0.114]    +0.035 [+0.017,+0.048]*   +0.016 [-0.000,+0.031]    +0.017 [+0.006,+0.026]*   +0.002 [-0.003,+0.007] 
Denoising Frozen     +0.036 [+0.000,+0.075]    +0.004 [-0.018,+0.024]    -0.005 [-0.025,+0.010]    -0.008 [-0.022,+0.004]    -0.049 [-0.063,-0.037]*
Denoising Partial    +0.052 [+0.003,+0.108]    +0.008 [-0.009,+0.023]    -0.000 [-0.014,+0.013]    +0.005 [-0.011,+0.019]    -0.037 [-0.046,-0.025]*
Denoising Full       +0.073 [+0.030,+0.113]*   +0.024 [+0.007,+0.040]    +0.015 [+0.002,+0.027]    +0.020 [+0.006,+0.031]    +0.001 [-0.006,+0.008] 
SimCLR Frozen        +0.057 [+0.014,+0.100]    +0.026 [+0.007,+0.042]    +0.011 [-0.003,+0.024]    +0.005 [-0.014,+0.025]    -0.049 [-0.060,-0.034]*
SimCLR Partial       +0.060 [+0.009,+0.102]    +0.020 [+0.005,+0.035]    +0.011 [-0.003,+0.023]    -0.002 [-0.022,+0.021]    -0.040 [-0.049,-0.029]*
SimCLR Full          +0.063 [+0.023,+0.102]    +0.040 [+0.021,+0.058]*   +0.032 [+0.018,+0.046]*   +0.022 [+0.011,+0.032]*   +0.001 [-0.005,+0.007] 
BYOL Frozen          +0.121 [+0.079,+0.168]*   +0.032 [+0.013,+0.050]*   +0.005 [-0.008,+0.023]    +0.001 [-0.014,+0.020]    -0.048 [-0.059,-0.034]*
BYOL Partial         +0.119 [+0.078,+0.161]*   +0.035 [+0.016,+0.053]*   +0.009 [-0.005,+0.025]    +0.003 [-0.014,+0.020]    -0.035 [-0.045,-0.024]*
BYOL Full            +0.105 [+0.065,+0.146]*   +0.030 [+0.013,+0.051]    +0.025 [+0.005,+0.042]    +0.022 [+0.009,+0.034]*   +0.002 [-0.006,+0.009] 

macro AUROC, full minus frozen
                                          1%                        5%                       10%                       25%                      100%
Masking              -0.002 [-0.028,+0.033]    +0.012 [-0.003,+0.024]    +0.021 [+0.007,+0.034]    +0.020 [-0.003,+0.043]    +0.052 [+0.040,+0.065]*
Denoising            +0.037 [+0.006,+0.059]    +0.020 [+0.002,+0.042]    +0.020 [+0.006,+0.038]    +0.028 [+0.014,+0.039]*   +0.050 [+0.039,+0.064]*
SimCLR               +0.006 [-0.028,+0.036]    +0.014 [-0.004,+0.031]    +0.022 [+0.006,+0.038]    +0.017 [-0.003,+0.037]    +0.050 [+0.035,+0.062]*
BYOL                 -0.016 [-0.029,-0.006]    -0.001 [-0.011,+0.012]    +0.021 [-0.003,+0.038]    +0.022 [-0.000,+0.041]    +0.050 [+0.037,+0.060]*

macro AUPRC, SSL minus scratch
                                          1%                        5%                       10%                       25%                      100%
Masking Frozen       +0.044 [+0.027,+0.069]*   +0.027 [+0.009,+0.058]    -0.003 [-0.017,+0.016]    -0.018 [-0.034,+0.002]    -0.122 [-0.152,-0.100]*
Masking Partial      +0.044 [+0.028,+0.062]*   +0.025 [+0.012,+0.040]*   +0.002 [-0.009,+0.016]    -0.009 [-0.025,+0.010]    -0.093 [-0.121,-0.070]*
Masking Full         +0.039 [+0.032,+0.053]*   +0.038 [+0.025,+0.060]*   +0.018 [+0.007,+0.032]    +0.023 [+0.009,+0.043]    +0.007 [-0.009,+0.026] 
Denoising Frozen     +0.018 [+0.010,+0.029]*   +0.015 [-0.001,+0.040]    +0.000 [-0.011,+0.015]    -0.006 [-0.021,+0.012]    -0.107 [-0.137,-0.086]*
Denoising Partial    +0.016 [+0.007,+0.027]    +0.014 [+0.004,+0.027]    +0.010 [-0.005,+0.030]    -0.000 [-0.018,+0.019]    -0.091 [-0.116,-0.071]*
Denoising Full       +0.029 [+0.020,+0.040]*   +0.048 [+0.033,+0.070]*   +0.031 [+0.019,+0.049]*   +0.039 [+0.026,+0.057]*   +0.001 [-0.023,+0.025] 
SimCLR Frozen        +0.052 [+0.047,+0.063]*   +0.046 [+0.031,+0.068]*   +0.016 [+0.005,+0.031]    +0.021 [+0.002,+0.043]    -0.093 [-0.122,-0.067]*
SimCLR Partial       +0.055 [+0.049,+0.068]*   +0.041 [+0.027,+0.061]*   +0.020 [+0.010,+0.036]    +0.027 [+0.002,+0.056]    -0.089 [-0.115,-0.067]*
SimCLR Full          +0.053 [+0.047,+0.064]*   +0.056 [+0.036,+0.082]*   +0.034 [+0.022,+0.051]*   +0.034 [+0.020,+0.053]*   +0.005 [-0.019,+0.033] 
BYOL Frozen          +0.054 [+0.048,+0.066]*   +0.038 [+0.024,+0.061]*   +0.007 [-0.007,+0.023]    +0.005 [-0.013,+0.024]    -0.107 [-0.136,-0.085]*
BYOL Partial         +0.056 [+0.051,+0.066]*   +0.043 [+0.026,+0.067]*   +0.013 [+0.004,+0.028]    +0.002 [-0.015,+0.027]    -0.089 [-0.122,-0.062]*
BYOL Full            +0.060 [+0.051,+0.076]*   +0.049 [+0.032,+0.073]*   +0.029 [+0.019,+0.046]*   +0.034 [+0.017,+0.051]*   +0.007 [-0.021,+0.033] 

macro AUPRC, full minus frozen
                                          1%                        5%                       10%                       25%                      100%
Masking              -0.005 [-0.028,+0.018]    +0.011 [-0.007,+0.026]    +0.021 [+0.006,+0.037]    +0.040 [+0.017,+0.065]*   +0.129 [+0.105,+0.161]*
Denoising            +0.011 [+0.005,+0.017]*   +0.033 [+0.022,+0.046]*   +0.031 [+0.016,+0.049]*   +0.045 [+0.030,+0.066]*   +0.108 [+0.087,+0.143]*
SimCLR               +0.001 [-0.006,+0.009]    +0.011 [-0.003,+0.023]    +0.018 [+0.006,+0.030]    +0.013 [-0.006,+0.036]    +0.098 [+0.076,+0.129]*
BYOL                 +0.006 [-0.001,+0.015]    +0.011 [-0.000,+0.019]    +0.022 [+0.007,+0.044]    +0.028 [+0.010,+0.048]    +0.114 [+0.093,+0.144]*

auroc: 26/80 comparisons significant after Holm correction
auprc: 43/80 comparisons significant after Holm correction
